1 2 3 4 5 6 7 8 9 10 11 12 13 14 15 B F 18 19 20 21 22 23 24 25 26 27 28 29 30 31 
1 2 3 4 5 6 F 8 9 10 11 12 13 F 15 16 17 18 B 20 F 22 23 24 25 26 27 F 29 30 31 32 33 34 F 36 37 B 39 40 41 F 43 44 45 46 47 48 F 50 51 
F F F F F F F F F F F FB F F F F F F F F F F F FB F F F F F F F F F F F FB F F F F F F F F F F F FB F F 
1 2 3 4 5 B 7 8 9 10 11 B F 14 15 16 17 B 19 20 21 22 23 B 25 F 27 28 29 B 31 32 33 34 35 B 37 38 F 40 41 B 43 44 45 46 47 B 49 50 51 
1 2 3 4 B 6 7 8 9 B 11 12 13 14 B 16 F 18 19 B 21 22 23 24 B 26 27 28 
1 2 3 4 5 B 7 8 9 10 11 B 13 14 15 F 17 B 19 20 21 22 23 B 25 26 27 28 29 B 31 F 33 34 35 B 37 38 39 40 41 B 43 44 45 46 
1 2 3 4 5 6 7 8 FB 10 11 12 13 14 15 16 17 FB 19 20 21 22 23 24 25 26 FB 28 29 30 31 32 33 34 35 FB 37 38 39 40 41 42 43 44 FB 46 47 48 49 50 51 
1 2 3 4 5 6 7 8 9 10 11 12 13 14 B F 17 18 19 20 21 22 23 24 25 26 27 28 29 B 
1 2 3 4 5 6 7 8 9 10 11 B 13 14 15 F 17 18 19 20 21 22 23 B 25 26 27 28 29 30 31 F 33 34 35 B 37 38 39 40 41 42 43 44 45 46 47 FB 49 50 51 52 53 54 55 56 57 58 59 B 
1 2 3 4 5 6 7 8 9 10 11 12 13 14 15 16 17 F 19 B 21 22 23 24 25 26 27 28 29 30 31 32 33 34 35 F 37 38 39 B 41 42 43 44 45 46 47 48 49 50 
B B B B B B B B B B B B B FB B B B B B B B B B B B B B FB B 
1 2 3 4 5 6 7 8 9 10 11 12 13 14 15 FB 17 18 19 20 21 22 23 24 25 26 27 28 29 30 31 FB 33 34 35 36 37 38 39 40 41 42 
1 2 3 4 5 6 7 B 9 10 11 12 13 F 15 B 17 18 19 20 21 22 23 B 25 26 27 F 29 30 31 B 33 34 35 36 37 38 39 B 41 F 43 44 45 46 47 
1 2 3 4 5 6 7 8 9 10 11 12 13 B 15 16 F 18 19 20 21 22 23 24 25 26 27 B 29 30 31 32 33 F 35 36 37 38 39 40 
1 B 3 B 5 B 7 B 9 B 11 FB 13 B 15 B 17 B 19 B 21 B 23 FB 25 B 27 B 29 B 31 B 33 B 35 FB 37 B 39 B 41 B 43 B 45 B 47 FB 49 B 51 B 53 B 55 B 
1 2 3 B 5 6 7 B 9 10 11 B 13 F 15 B 17 18 19 B 21 22 23 B 25 26 27 
1 F 3 F 5 F 7 FB 9 F 11 F 13 F 15 FB 17 F 19 F 21 F 23 FB 25 F 27 F 29 F 31 FB 33 
1 2 3 4 5 6 7 8 F 10 11 12 13 14 B 16 17 F 19 20 21 22 23 24 25 26 F 28 29 B 31 32 33 34 35 
1 2 3 4 5 6 7 8 9 10 11 12 13 14 15 16 17 F 19 B 21 22 23 24 25 26 27 28 29 30 31 32 33 34 35 F 37 38 39 B 
1 2 3 4 5 F 7 8 9 10 11 F 13 14 15 16 17 F B 20 21 22 23 F 25 26 27 28 29 F 31 32 33 34 35 
